ASYSCONTENTELEMENT_DATA_TABLE.zip
0 0 50 1 1 8 144 0 0 0 0 255 8 0 0 255 123 127 0 255 
DBError.jsp
0 0 50 1 1 8 -21304 21046 0 0 0 255 97 1 0 255 0 0 0 255 
ECM.jpg
0 0 50 1 1 8 0 0 0 0 0 255 72 178 41 255 0 0 0 255 
Makefile
0 0 50 1 1 8 0 0 0 0 0 255 1 0 0 255 1 0 0 255 
bar_test_copy.jsp
0 0 50 1 1 8 0 0 0 0 0 255 1 0 0 255 1 0 0 255 
cgi-bin
1 0 50 3 1 4 1 0 0 0 0 255 0 0 0 255 0 0 73 255 
d3.v4.min.js
0 0 50 1 1 8 0 0 0 0 0 255 0 0 0 255 0 0 0 255 
file
0 -89 43 3 1 4 1 0 0 0 0 255 0 0 0 255 0 0 73 255 
gtk
0 -113 30 3 1 4 12256 -200 1 0 0 255 8 0 0 255 0 0 0 255 
htdocs
1 0 50 3 1 4 144 0 114 121 46 255 112 167 148 255 0 0 0 255 
ii.html
0 0 50 1 1 8 0 0 0 0 0 255 24 167 42 255 0 0 0 255 
index.html
0 0 50 1 1 8 0 0 0 0 0 255 0 0 0 255 0 0 0 255 
indexx.html
0 0 50 1 1 8 25972 25970 22 193 239 255 40 0 8 255 101 103 105 255 
inzent.cgi
1 -135 -5 2 1 8 120 50 0 0 0 255 23 0 0 255 0 0 0 255 
inzent.html
0 0 50 1 1 8 0 0 0 0 0 255 0 0 0 255 0 0 0 255 
jquery.min.js
0 0 50 1 1 8 23 0 0 0 0 255 208 191 0 255 0 0 0 255 
mpld3.v0.1.js
0 0 50 1 1 8 -13802 16912 0 0 0 255 25 1 16 255 0 0 0 255 
mpld3.v0.2.js
0 0 50 1 1 8 0 0 0 0 0 255 0 0 0 255 0 0 0 255 
mpld3_demo.html
0 0 50 1 1 8 0 0 0 0 0 255 0 0 0 255 0 0 0 255 
obj
0 -105 -11 3 1 4 0 0 0 0 0 255 0 0 0 255 0 0 0 255 
pie.cgi
0 0 50 1 1 8 0 11784 0 0 0 255 3 13 70 255 65 125 41 255 
pie2.cgi
0 0 50 1 1 8 0 0 0 0 0 255 0 0 0 255 0 0 0 255 
pie_test.jsp
0 0 50 1 1 8 0 0 154 127 0 255 120 171 54 255 154 127 0 255 
pie_test_reader.jsp
0 0 50 1 1 8 0 0 0 0 0 255 0 0 0 255 0 0 0 255 
registered2.html
0 0 50 1 1 8 0 0 0 0 0 255 0 0 0 255 0 0 0 255 
src
0 -101 89 3 1 4 0 0 0 0 0 255 0 0 0 255 0 0 0 255 
test.html
0 0 50 1 1 8 0 0 0 0 0 255 0 0 0 255 0 0 0 255 
