0.png
0 0 50 1 1 8 144 0 0 0 0 255 0 0 0 255 0 0 0 255 
1.png
0 0 50 1 1 8 144 0 0 0 0 255 0 0 0 255 0 0 73 255 
1.xlsx
0 0 50 1 1 8 0 0 0 0 0 255 216 138 100 255 0 0 0 255 
10.png
0 0 50 1 1 8 0 0 0 0 0 255 0 0 0 255 0 0 0 255 
11.png
0 0 50 1 1 8 0 0 0 0 0 255 0 0 0 255 0 0 0 255 
12.png
0 0 50 1 1 8 0 0 0 0 0 255 0 0 0 255 0 0 0 255 
13.png
0 0 50 1 1 8 29799 107 0 0 0 255 3 0 0 255 0 0 0 255 
14.png
0 0 50 1 1 8 0 0 0 0 0 255 0 0 0 255 0 0 0 255 
15.png
0 0 50 1 1 8 0 0 0 0 0 255 0 0 0 255 0 0 0 255 
16.png
0 0 50 1 1 8 0 0 0 0 0 255 0 0 0 255 0 0 0 255 
17.png
0 0 50 1 1 8 0 0 0 0 0 255 0 0 0 255 0 0 0 255 
18.png
0 0 50 1 1 8 0 0 0 0 0 255 0 0 0 255 0 0 0 255 
19.png
0 0 50 1 1 8 0 0 0 0 0 255 0 0 0 255 0 0 0 255 
2.png
0 0 50 1 1 8 -13568 217 0 0 0 255 81 0 0 255 0 0 0 255 
2.xlsx
0 0 50 1 1 8 1 0 0 0 0 255 0 0 0 255 0 0 73 255 
20.png
0 0 50 1 1 8 0 0 0 0 0 255 0 0 0 255 0 0 0 255 
21.png
0 0 50 1 1 8 0 0 0 0 0 255 0 0 0 255 0 0 0 255 
22.png
0 0 50 1 1 8 0 0 0 0 0 255 0 0 0 255 0 0 0 255 
23.png
0 0 50 1 1 8 0 0 0 0 0 255 0 0 0 255 0 0 0 255 
24.png
0 0 50 1 1 8 0 0 0 0 0 255 0 0 0 255 0 0 0 255 
25.png
0 0 50 1 1 8 0 0 0 0 0 255 0 0 0 255 0 0 0 255 
26.png
0 0 50 1 1 8 0 0 0 0 0 255 0 0 0 255 0 0 0 255 
27.png
0 0 50 1 1 8 0 0 0 0 0 255 0 0 0 255 0 0 0 255 
28.png
0 0 50 1 1 8 0 0 0 0 0 255 0 0 0 255 0 0 0 255 
29.png
0 0 50 1 1 8 0 0 0 0 0 255 0 0 0 255 0 0 0 255 
3.png
0 0 50 1 1 8 4 0 0 0 73 255 3 0 0 255 1 0 0 255 
30.png
0 0 50 1 1 8 0 0 0 0 0 255 0 0 0 255 0 0 0 255 
31.png
0 0 50 1 1 8 0 0 0 0 0 255 0 0 0 255 0 0 0 255 
32.png
0 0 50 1 1 8 0 0 0 0 0 255 0 0 0 255 0 0 0 255 
33.png
0 0 50 1 1 8 0 0 0 0 0 255 0 0 0 255 0 0 0 255 
34.png
0 0 50 1 1 8 0 0 0 0 0 255 0 0 0 255 0 0 0 255 
35.png
0 0 50 1 1 8 0 0 0 0 0 255 0 0 0 255 0 0 0 255 
36.png
0 0 50 1 1 8 0 0 0 0 0 255 0 0 0 255 0 0 0 255 
37.png
0 0 50 1 1 8 0 0 0 0 0 255 0 0 0 255 0 0 0 255 
38.png
0 0 50 1 1 8 0 0 0 0 0 255 0 0 0 255 0 0 0 255 
39.png
0 0 50 1 1 8 0 0 0 0 0 255 0 0 0 255 0 0 0 255 
4.png
0 0 50 1 1 8 0 0 0 0 0 255 0 0 0 255 0 0 0 255 
40.png
0 0 50 1 1 8 0 0 0 0 0 255 0 0 0 255 0 0 0 255 
41.png
0 0 50 1 1 8 0 0 0 0 0 255 0 0 0 255 0 0 0 255 
42.png
0 0 50 1 1 8 0 0 0 0 0 255 0 0 0 255 0 0 0 255 
43.png
0 0 50 1 1 8 0 0 0 0 0 255 0 0 0 255 0 0 0 255 
44.png
0 0 50 1 1 8 0 0 0 0 0 255 0 0 0 255 0 0 0 255 
45.png
0 0 50 1 1 8 0 0 0 0 0 255 0 0 0 255 0 0 0 255 
46.png
0 0 50 1 1 8 0 0 0 0 0 255 0 0 0 255 0 0 0 255 
47.png
0 0 50 1 1 8 0 0 0 0 0 255 0 0 0 255 0 0 0 255 
48.png
0 0 50 1 1 8 0 0 0 0 0 255 0 0 0 255 0 0 0 255 
49.png
0 0 50 1 1 8 0 0 0 0 0 255 0 0 0 255 0 0 0 255 
5.png
0 0 50 1 1 8 0 0 0 0 0 255 0 0 0 255 0 0 0 255 
50.png
0 0 50 1 1 8 0 0 0 0 0 255 0 0 0 255 0 0 0 255 
51.png
0 0 50 1 1 8 0 0 0 0 0 255 0 0 0 255 0 0 0 255 
52.png
0 0 50 1 1 8 0 0 0 0 0 255 0 0 0 255 0 0 0 255 
53.png
0 0 50 1 1 8 0 0 0 0 0 255 0 0 0 255 0 0 0 255 
54.png
0 0 50 1 1 8 0 0 0 0 0 255 0 0 0 255 0 0 0 255 
55.png
0 0 50 1 1 8 0 0 0 0 0 255 0 0 0 255 0 0 0 255 
56.png
0 0 50 1 1 8 0 0 0 0 0 255 0 0 0 255 0 0 0 255 
57.png
0 0 50 1 1 8 0 0 0 0 0 255 0 0 0 255 0 0 0 255 
58.png
0 0 50 1 1 8 0 0 0 0 0 255 0 0 0 255 0 0 0 255 
59.png
0 0 50 1 1 8 0 0 0 0 0 255 0 0 0 255 0 0 0 255 
6.png
0 0 50 1 1 8 0 0 0 0 0 255 0 0 0 255 0 0 0 255 
7.png
0 0 50 1 1 8 0 0 0 0 0 255 0 0 0 255 0 0 0 255 
8.png
0 0 50 1 1 8 0 0 0 0 0 255 0 0 0 255 0 0 0 255 
9.png
0 0 50 1 1 8 0 0 0 0 0 255 0 0 0 255 0 0 0 255 
f1.png
0 0 50 1 1 8 0 0 0 0 0 255 0 0 0 255 0 0 0 255 
f2.png
0 0 50 1 1 8 0 0 0 0 0 255 0 0 0 255 0 0 0 255 
f3.png
0 0 50 1 1 8 0 0 0 0 0 255 0 0 0 255 0 0 0 255 
