bower.json
0 0 50 1 1 8 0 0 0 0 0 255 0 0 0 255 0 0 0 255 
css
1 0 50 3 1 4 3 0 0 0 0 255 0 0 0 255 0 0 0 255 
custom-time.html
0 0 50 1 1 8 144 0 0 0 0 255 0 0 0 255 0 0 0 255 
d3.v4.min.js
0 0 50 1 1 8 0 0 0 0 0 255 0 0 0 255 0 0 0 255 
daterangepicker-bs2.css
0 0 50 1 1 8 0 0 0 0 0 255 0 0 0 255 0 0 0 255 
daterangepicker-bs3.css
0 0 50 1 1 8 0 0 0 0 0 255 0 0 0 255 0 0 0 255 
daterangepicker.js
0 0 50 1 1 8 0 0 0 0 0 255 0 0 0 255 0 0 0 255 
fonts
1 0 50 3 1 4 0 0 0 0 0 255 0 0 0 255 0 0 0 255 
images
1 0 50 3 1 4 144 0 0 0 0 255 0 0 0 255 0 0 0 255 
index.html
0 0 50 1 1 8 144 0 50 48 56 255 49 57 49 255 48 32 50 255 
js
1 0 50 3 1 4 0 0 0 0 0 255 0 0 0 255 0 0 0 255 
lastyd.html
0 0 50 1 1 8 144 0 0 0 0 255 0 0 0 255 0 0 0 255 
moment.js
0 0 50 1 1 8 0 0 0 0 0 255 0 0 0 255 0 0 0 255 
moment.min.js
0 0 50 1 1 8 0 0 0 0 0 255 0 0 0 255 0 0 0 255 
mpld3.v0.1.js
0 0 50 1 1 8 0 0 0 0 0 255 0 0 0 255 0 0 0 255 
package.json
0 0 50 1 1 8 0 0 0 0 0 255 0 0 0 255 0 0 0 255 
registered.html
0 0 50 1 1 8 0 0 0 0 0 255 0 0 0 255 0 0 0 255 
text.html
0 0 50 1 1 8 0 0 0 0 0 255 0 0 0 255 0 0 0 255 
