bower.json
0 0 50 1 1 8 28009 26465 0 0 0 255 6 0 0 255 0 0 0 255 
css
1 0 50 3 1 4 11136 373 0 0 0 255 80 0 0 255 0 0 0 255 
d3.v4.min.js
0 0 50 1 1 8 144 0 0 0 0 255 0 0 0 255 0 0 0 255 
daterangepicker-bs2.css
0 0 50 1 1 8 14641 -207 1 0 0 255 8 0 0 255 50 48 56 255 
daterangepicker-bs3.css
0 0 50 1 1 8 0 -256 1 0 0 255 8 0 0 255 0 0 0 255 
daterangepicker.js
0 0 50 1 1 8 0 -256 1 0 0 255 8 0 0 255 0 0 0 255 
fonts
1 0 50 3 1 4 0 -256 1 0 0 255 8 0 0 255 0 0 0 255 
images
1 0 50 3 1 4 144 0 0 0 0 255 0 0 0 255 0 0 0 255 
index.html
0 0 50 1 1 8 26992 27491 53 32 10 255 97 116 101 255 97 110 103 255 
js
1 0 50 3 1 4 12320 13600 0 0 0 255 0 0 0 255 0 0 0 255 
moment.js
0 0 50 1 1 8 144 0 32 48 32 255 32 50 53 255 32 48 32 255 
moment.min.js
0 0 50 1 1 8 0 0 0 0 0 255 0 0 0 255 0 0 0 255 
mpld3.v0.1.js
0 0 50 1 1 8 0 0 0 0 0 255 0 0 0 255 0 0 0 255 
package.json
0 0 50 1 1 8 0 0 0 0 0 255 0 0 0 255 0 0 0 255 
